0.2449
0.2452
0.2456
0.2460
0.2463
0.2467
0.2470
0.2474
0.2478
0.2481
0.2485
0.2488
0.2492
0.2495
0.2499
0.2502
0.2506
0.2509
0.2513
0.2516
0.2520
0.2523
0.2526
0.2530
0.2533
0.2537
0.2540
0.2543
0.2547
0.2550
0.2554
0.2557
0.2560
0.2564
0.2567
0.2570
0.2574
0.2577
0.2580
0.2584
0.2587
0.2590
0.2593
0.2597
0.2600
0.2603
0.2606
0.2610
0.2613
0.2616
0.2619
0.2622
0.2626
0.2629
0.2632
0.2635
0.2638
0.2641
0.2644
0.2648
0.2651
0.2654
0.2657
0.2660
0.2663
0.2666
0.2669
0.2672
0.2675
0.2678
0.2681
0.2684
0.2688
0.2691
0.2694
0.2697
0.2700
0.2703
0.2706
0.2708
0.2711
0.2714
0.2717
0.2720
0.2723
0.2726
0.2729
0.2732
0.2735
0.2738
0.2741
0.2744
0.2747
0.2749
0.2752
0.2755
0.2758
0.2761
0.2764
0.2766
0.2769
0.2772
0.2775
0.2778
0.2781
0.2783
0.2786
0.2789
0.2792
0.2794
0.2797
0.2800
0.2803
0.2805
0.2808
0.2811
0.2814
0.2816
0.2819
0.2822
0.2824
0.2827
0.2830
0.2832
0.2835
0.2838
0.2840
0.2843
0.2846
0.2848
0.2851
0.2854
0.2856
0.2859
0.2861
0.2864
0.2867
0.2869
0.2872
0.2874
0.2877
0.2879
0.2882
0.2885
0.2887
0.2890
0.2892
0.2895
0.2897
0.2900
0.2902
0.2905
0.2907
0.2910
0.2912
0.2915
0.2917
0.2920
0.2922
0.2925
0.2927
0.2929
0.2932
0.2934
0.2937
0.2939
0.2942
0.2944
0.2946
0.2949
0.2951
0.2954
0.2956
0.2958
0.2961
0.2963
0.2965
0.2968
0.2970
0.2973
0.2975
0.2977
0.2980
0.2982
0.2984
0.2987
0.2989
0.2991
0.2993
0.2996
0.2998
0.3000
0.3003
0.3005
0.3007
0.3009
0.3012
0.3014
0.3016
0.3018
38.9777
38.9861
38.9945
39.0029
39.0112
39.0196
39.0279
39.0362
39.0445
39.0528
39.0610
39.0693
39.0775
39.0857
39.0939
39.1020
39.1102
39.1183
39.1265
39.1346
39.1427
39.1507
39.1588
39.1668
39.1749
39.1829
39.1909
39.1989
39.2068
39.2148
39.2227
39.2306
39.2385
39.2464
39.2543
39.2621
39.2700
39.2778
39.2856
39.2934
39.3011
39.3089
39.3166
39.3244
39.3321
39.3398
39.3475
39.3551
39.3628
39.3704
39.3780
39.3856
39.3932
39.4008
39.4084
39.4159
39.4234
39.4309
39.4384
39.4459
39.4534
39.4609
39.4683
39.4757
39.4831
39.4905
39.4979
39.5053
39.5126
39.5199
39.5273
39.5346
39.5419
39.5491
39.5564
39.5637
39.5709
39.5781
39.5853
39.5925
39.5997
39.6068
39.6140
39.6211
39.6282
39.6353
39.6424
39.6495
39.6566
39.6636
39.6706
39.6777
39.6847
39.6917
39.6986
39.7056
39.7125
39.7195
39.7264
39.7333
39.7402
39.7471
39.7540
39.7608
39.7677
39.7745
39.7813
39.7881
39.7949
39.8016
39.8084
39.8152
39.8219
39.8286
39.8353
39.8420
39.8487
39.8553
39.8620
39.8686
39.8753
39.8819
39.8885
39.8951
39.9016
39.9082
39.9147
39.9213
39.9278
39.9343
39.9408
39.9473
39.9538
39.9602
39.9667
39.9731
39.9795
39.9859
39.9923
39.9987
40.0051
40.0114
40.0178
40.0241
40.0304
40.0367
40.0430
40.0493
40.0556
40.0619
40.0681
40.0743
40.0806
40.0868
40.0930
40.0992
40.1053
40.1115
40.1176
40.1238
40.1299
40.1360
40.1421
40.1482
40.1543
40.1604
40.1664
40.1725
40.1785
40.1845
40.1905
40.1965
40.2025
40.2085
40.2144
40.2204
40.2263
40.2322
40.2382
40.2441
40.2500
40.2558
40.2617
40.2676
40.2734
40.2793
40.2851
40.2909
40.2967
40.3025
40.3083
40.3140
40.3198
40.3255
40.3313
40.3370
40.3427
40.3484
40.3541
40.3598
