47.2227
50.5934
53.9026
57.1521
60.3437
63.4789
66.5590
69.5852
72.5587
75.4805
78.3517
81.1732
83.9459
86.6708
89.3487
91.9804
94.5669
97.1089
99.6073
102.0628
104.4761
106.8481
109.1795
111.4710
113.7233
115.9371
118.1131
120.2520
122.3543
124.4208
126.4520
128.4486
130.4111
132.3402
134.2363
136.1001
137.9321
139.7328
141.5028
143.2424
144.9523
146.6330
148.2848
149.9082
151.5037
153.0718
154.6128
156.1272
157.6154
159.0777
160.5147
161.9266
163.3138
164.6768
166.0158
167.3313
168.6235
169.8929
171.1396
172.3641
173.5668
174.7477
175.9074
177.0461
178.1641
179.2616
180.3391
181.3966
182.4346
183.4532
184.4528
185.4336
186.3958
187.3397
188.2656
189.1737
190.0642
190.9374
191.7934
192.6326
193.4551
194.2612
195.0510
195.8249
196.5829
197.3254
198.0524
198.7643
199.4612
200.1433
200.8108
201.4639
202.1027
202.7276
203.3385
203.9359
204.5197
205.0902
205.6476
206.1920
977.6506
975.9538
974.3544
972.8422
971.4081
970.0447
968.7456
967.5051
966.3184
965.1812
964.0897
963.0406
962.0309
961.0580
960.1195
959.2132
958.3372
957.4898
956.6693
955.8743
955.1035
954.3556
953.6295
952.9241
952.2386
951.5720
950.9234
950.2921
949.6775
949.0787
948.4953
947.9266
947.3720
946.8311
946.3034
945.7883
945.2856
944.7946
944.3152
943.8469
943.3893
942.9421
942.5051
942.0778
941.6601
941.2517
940.8522
940.4615
940.0793
939.7054
939.3396
938.9816
938.6313
938.2884
937.9528
937.6243
937.3028
936.9880
936.6798
936.3781
936.0826
935.7934
935.5101
935.2328
934.9612
934.6952
934.4347
934.1797
933.9299
933.6852
933.4456
933.2110
932.9812
932.7562
932.5358
932.3200
932.1086
931.9016
931.6989
931.5004
931.3060
931.1156
930.9293
930.7467
930.5680
930.3930
930.2217
930.0539
929.8897
929.7289
929.5715
929.4174
929.2665
929.1189
928.9743
928.8328
928.6943
928.5587
928.4261
928.2962
