73.000000
73.000000
73.000000
73.000000
73.000000
73.000000
73.000000
73.000000
73.000000
73.000000
73.000000
73.000000
73.000000
73.000000
73.000000
73.000000
73.000000
73.000000
73.000000
73.000000
73.000000
73.000000
73.000000
73.000000
73.000000
73.000000
73.000000
73.000000
73.000000
73.000000
73.000000
73.000000
73.000000
73.000000
73.000000
73.000000
73.000000
73.000000
73.000000
73.000000
73.000000
73.000000
73.000000
73.000000
73.000000
73.000000
73.000000
73.000000
73.000000
60.164188
60.168798
60.173392
60.177970
60.182531
60.187076
60.191604
60.196116
60.200612
60.205092
60.209555
60.214003
60.218436
60.222852
60.227253
60.231638
60.236008
60.240362
60.244701
60.249024
60.253333
60.257627
60.261905
60.266169
60.270417
60.274648
60.278867
60.283072
60.287262
60.291437
60.295598
60.299745
60.303878
60.307996
60.312100
60.316191
60.320267
60.324329
60.328378
60.332413
60.336434
60.340441
60.344435
60.348415
60.352383
60.356336
60.360277
60.364204
60.368118
60.372019
56.448030
56.453338
56.458627
56.463897
56.469148
56.474381
56.479595
56.484790
56.489967
56.495126
56.500267
56.505389
56.510494
56.515580
56.520649
56.525700
56.530733
56.535749
56.540748
56.545729
56.550693
56.555642
56.560571
56.565484
56.570380
56.575258
56.580120
56.584966
56.589795
56.594607
56.599403
56.604183
56.608946
56.613693
56.618425
56.623140
56.627839
56.632523
56.637190
56.641842
56.646479
56.651100
56.655705
56.660296
56.664870
56.669430
56.673975
56.678504
56.683019
56.687519
56.692003
56.696473
56.700929
56.705370
56.709796
56.714208
56.718605
56.722988
56.727357
56.731711
56.736052
56.740378
56.744691
56.748992
56.753277
56.757548
56.761805
56.766048
56.770278
56.774495
56.778698
56.782887
56.787064
56.791227
56.795376
56.799513
56.803637
56.807747
56.811845
56.815930
56.820002
56.824061
56.828107
56.832141
56.836162
56.840171
56.844167
56.848151
56.852122
56.856081
56.860028
56.863963
56.867886
56.871796
56.875695
56.879581
56.883456
56.887318
56.891169
56.895009
56.898836
