0.000000
0.000000
0.000000
0.000000
0.000000
0.000000
0.000000
0.000000
0.000000
0.000000
0.000000
0.000000
0.000000
0.000000
0.000000
0.000000
0.000000
0.000000
0.000000
0.000000
0.000000
0.000000
0.000000
0.000000
0.000000
0.000000
0.000000
0.000000
0.000000
0.000000
0.000000
0.000000
0.000000
0.000000
0.000000
0.000000
0.000000
0.000000
0.000000
0.000000
0.000000
0.000000
0.000000
0.000000
0.000000
0.000000
0.000000
0.000000
0.000000
0.440085
0.440138
0.440190
0.440243
0.440295
0.440347
0.440398
0.440450
0.440501
0.440552
0.440603
0.440654
0.440704
0.440754
0.440804
0.440854
0.440904
0.440953
0.441002
0.441051
0.441100
0.441149
0.441197
0.441246
0.441294
0.441342
0.441389
0.441437
0.441484
0.441531
0.441578
0.441625
0.441672
0.441718
0.441764
0.441810
0.441856
0.441902
0.441947
0.441993
0.442038
0.442083
0.442128
0.442172
0.442217
0.442261
0.442305
0.442349
0.442393
0.442437
0.591784
0.591826
0.591869
0.591911
0.591953
0.591995
0.592037
0.592079
0.592120
0.592162
0.592203
0.592244
0.592285
0.592325
0.592366
0.592406
0.592447
0.592487
0.592527
0.592566
0.592606
0.592645
0.592685
0.592724
0.592763
0.592802
0.592841
0.592879
0.592918
0.592956
0.592994
0.593032
0.593070
0.593108
0.593145
0.593183
0.593220
0.593257
0.593294
0.593331
0.593368
0.593404
0.593441
0.593477
0.593513
0.593549
0.593585
0.593621
0.593657
0.593693
0.593728
0.593763
0.593798
0.593833
0.593868
0.593903
0.593938
0.593972
0.594007
0.594041
0.594075
0.594109
0.594143
0.594177
0.594211
0.594244
0.594278
0.594311
0.594344
0.594377
0.594410
0.594443
0.594476
0.594509
0.594541
0.594574
0.594606
0.594638
0.594670
0.594702
0.594734
0.594766
0.594798
0.594829
0.594861
0.594892
0.594923
0.594954
0.594985
0.595016
0.595047
0.595078
0.595108
0.595139
0.595169
0.595199
0.595230
0.595260
0.595290
0.595320
0.595349
