43.256462
44.378830
45.501351
46.624016
47.746815
48.869740
49.992783
51.115936
52.239194
53.362550
54.485999
55.609535
56.733153
57.856850
58.980621
60.104462
61.228370
62.352341
63.476372
64.600460
65.724603
66.848798
67.973042
69.097334
70.221670
71.346050
72.470471
73.594931
74.719429
75.843964
76.968533
78.093135
79.217769
80.342434
81.467129
82.591851
83.716601
84.841378
85.966179
87.091005
88.215855
89.340727
90.465620
91.590535
92.715470
93.840425
94.965399
96.090391
97.215401
98.340427
99.465471
100.590530
101.715606
102.840696
103.965800
105.090919
106.216052
107.341198
108.466356
109.591528
110.716711
111.841906
112.967113
114.092331
115.217560
116.342799
117.468048
118.593308
119.718577
120.843855
121.969143
123.094439
124.219745
125.345058
126.470380
127.595711
128.721048
129.846394
130.971747
132.097107
133.222475
134.347849
135.473230
136.598617
137.724011
138.849412
139.974818
141.100231
142.225649
143.351073
144.476503
145.601938
146.727378
147.852824
148.978275
150.103731
151.229191
152.354657
153.480127
154.605602
