45.614931
49.021248
52.371796
55.667650
58.909566
62.097833
65.233564
68.317231
71.349515
74.331402
77.263012
80.145657
82.979745
85.765988
88.505099
91.197792
93.845199
96.447213
99.005394
101.519564
103.991338
106.420957
108.809107
111.156464
113.463698
115.731466
117.960419
120.151778
122.305022
124.421336
126.501950
128.546231
130.556017
132.530608
134.471866
136.379021
138.253961
140.095849
141.906597
143.686024
145.433899
147.152165
148.840580
150.499613
152.128959
153.730596
155.304206
156.850223
158.369072
159.860356
161.326100
162.765898
164.180143
165.569217
166.933498
168.273354
169.589148
170.881234
172.149960
173.394786
174.617805
175.818470
176.997103
178.154022
179.289537
180.403954
181.497573
182.570688
183.623590
184.656561
185.669883
186.663830
187.638672
188.594676
189.532102
190.451207
191.353219
192.236444
193.102096
193.950416
194.781643
195.596010
196.393747
197.175083
197.940241
198.689443
199.422904
200.140841
200.843466
201.530986
202.203608
202.862562
203.506000
204.135142
204.750185
205.351321
205.938741
206.512635
207.073189
207.620587
