1046.824063
1044.620884
1042.493967
1040.437274
1038.445714
1036.515074
1034.641204
1032.820749
1031.050619
1029.327912
1027.650394
1026.015550
1024.421465
1022.866274
1021.348271
1019.865893
1018.417561
1017.002218
1015.618354
1014.265107
1012.941125
1011.645554
1010.377465
1009.135983
1007.920289
1006.729611
1005.563221
1004.420265
1003.300419
1002.202904
1001.126956
1000.072368
999.038250
998.024462
997.030147
996.055225
995.098860
994.161032
993.240921
992.338339
991.453138
990.584509
989.732325
988.896251
988.076211
987.271401
986.481762
985.707002
984.946838
984.201275
983.469496
982.751516
982.047086
981.355962
980.677910
980.012698
979.360105
978.719914
978.091911
977.476234
976.872004
976.279359
975.698109
975.128067
974.569050
974.020880
973.483382
972.956385
972.439722
971.933229
971.436747
970.950119
970.473189
970.005808
969.547827
969.099102
968.659043
968.228396
967.806585
967.393473
966.988928
966.592819
966.205018
965.825398
965.453835
965.090207
964.734393
964.386274
964.045733
963.712655
963.386927
963.067913
962.756544
962.452193
962.154752
961.864115
961.580178
961.302838
961.031991
960.767538
