1048.534625
1047.947554
1047.360439
1046.773285
1046.186094
1045.598867
1045.011608
1044.424319
1043.837000
1043.249654
1042.662283
1042.074887
1041.487469
1040.900029
1040.312568
1039.725089
1039.137590
1038.550075
1037.962543
1037.374995
1036.787432
1036.199855
1035.612265
1035.024661
1034.437045
1033.849417
1033.261778
1032.674128
1032.086468
1031.498798
1030.911118
1030.323429
1029.735731
1029.148026
1028.560312
1027.972590
1027.384861
1026.797124
1026.209381
1025.621631
1025.033875
1024.446112
1023.858344
1023.270570
1022.682790
1022.095005
1021.507215
1020.919420
1020.331620
1019.743815
1019.156006
1018.568192
1017.980374
1017.392552
1016.804727
1016.216897
1015.629063
1015.041226
1014.453386
1013.865542
1013.277695
1012.689844
1012.101991
1011.514134
1010.926274
1010.338412
1009.750547
1009.162679
1008.574808
1007.986935
1007.399060
1006.811182
1006.223302
1005.635419
1005.047534
1004.459647
1003.871758
1003.283867
1002.695973
1002.108078
1001.520181
1000.932282
1000.344381
999.756479
999.168574
998.580668
997.992760
997.404851
996.816940
996.229028
995.641114
995.053198
994.465281
993.877363
993.289443
992.701522
992.113600
991.525676
990.937751
990.349825
