85.675877
85.867782
85.636035
85.623513
85.244144
85.172690
84.907173
84.891453
84.555128
84.636236
84.198519
84.223748
83.931204
83.797219
83.796896
83.794287
83.785382
83.769928
83.450767
83.703291
83.480007
83.798414
83.604690
83.449062
83.822411
83.794412
83.903584
84.206830
84.310806
84.248660
84.809429
74.581515
67.747850
69.156503
70.570574
72.091802
73.519919
75.473158
76.824323
76.033675
75.448802
75.190425
74.070724
74.083258
74.353597
74.770879
75.187521
75.775463
75.962618
76.274219
77.012938
77.756096
78.214617
79.233002
79.911985
80.859682
81.559559
82.487882
83.441524
84.534071
85.197147
86.320847
87.155798
88.237488
88.989966
90.155040
91.466239
