1059.808316
1057.162809
1055.445525
1053.268970
1051.407603
1049.479347
1047.556389
1045.592300
1043.720135
1041.701993
1039.877896
1037.877943
1035.982116
1034.043600
1032.057372
1030.060288
1028.233900
1026.284153
1024.367702
1022.127878
1020.470241
1018.458310
1016.464974
1014.762681
1012.670255
1010.741826
1008.858700
1006.814312
1004.929779
1003.118193
1000.950415
1006.167950
1009.192392
1006.150497
1002.909230
999.907981
996.858515
993.684942
990.805215
989.512107
988.160466
986.787540
985.970700
984.236283
982.342039
980.340512
978.351190
976.363190
974.740110
972.966343
970.948698
968.868969
967.015825
964.861275
963.113201
961.206152
959.399205
957.536629
955.641836
953.742842
951.928748
949.889975
948.033588
946.081674
944.268310
942.303809
940.182411
