15.000000
30.000000
45.000000
60.000000
75.000000
90.000000
105.000000
120.000000
135.000000
150.000000
165.000000
180.000000
195.000000
210.000000
225.000000
240.000000
255.000000
270.000000
285.000000
300.000000
315.000000
330.000000
345.000000
360.000000
375.000000
390.000000
405.000000
420.000000
435.000000
450.000000
465.000000
480.000000
495.000000
510.000000
525.000000
540.000000
555.000000
570.000000
585.000000
600.000000
615.000000
630.000000
645.000000
660.000000
675.000000
690.000000
705.000000
720.000000
735.000000
750.000000
765.000000
780.000000
795.000000
810.000000
825.000000
840.000000
855.000000
870.000000
885.000000
900.000000
915.000000
930.000000
945.000000
960.000000
975.000000
990.000000
1005.000000
